data/decor.obj
newmtl Material.008
Opening image: Grass_01_c.bmp
newmtl Material.013
Opening image: images.bmp
newmtl Material.014
Opening image: photorealistic\\photorealistic_bricks\\brick080.bmp
newmtl Material.015
Opening image: photorealistic\\photorealistic_floor\\floor013+.bmp
newmtl Material.016
Opening image: photorealistic\\photorealistic_road\\road07.bmp
newmtl Material.017
Opening image: photorealistic\\photorealistic_glassblock\\glassblock12b.bmp
v -542.965 -15.4093 535.448
v 476.409 -15.4093 535.448
v -542.965 -15.4093 -483.926
v 476.409 -15.4093 -483.926
vn 0 1 0
curmat=0
v -7.20432 -15.9991 -24.1348
v -7.20432 -10.4945 -24.1348
v -7.20432 -15.9991 -38.5435
v -7.20432 -10.4945 -38.5435
v 7.20432 -15.9991 -24.1348
v 7.20432 -10.4945 -24.1348
v 7.20432 -15.9991 -38.5435
v 7.20432 -10.4945 -38.5435
v 60.934 -10.4945 -38.5435
v 60.934 -15.9991 -38.5435
v 60.934 -15.9991 -24.1348
v 60.934 -10.4945 -24.1348
v -84.8447 -15.9991 -38.5435
v -84.8447 -15.9991 -24.1348
v -84.8447 -10.4945 -24.1348
v -84.8447 -10.4945 -38.5435
v -143.513 -15.9991 -38.5435
v -143.513 -15.9991 -24.1348
v -143.513 -10.4945 -24.1348
v -143.513 -10.4945 -38.5435
v -227.791 -15.9991 -38.5435
v -227.791 -15.9991 -24.1348
v -227.791 -10.4945 -24.1348
v -227.791 -10.4945 -38.5435
v -286.632 -15.9991 -38.5435
v -286.632 -15.9991 -24.1348
v -286.632 -10.4945 -24.1348
v -286.632 -10.4945 -38.5435
v -264.354 -15.9991 -38.5435
v -264.354 -10.4945 -38.5435
v -264.354 -10.4945 -24.1348
v -264.354 -15.9991 -24.1348
v -286.632 -10.4945 -114.293
v -286.632 -15.9991 -114.293
v -264.354 -15.9991 -114.293
v -264.354 -10.4945 -114.293
v -286.632 -10.4945 -131.169
v -286.632 -15.9991 -131.169
v -264.354 -15.9991 -131.169
v -264.354 -10.4945 -131.169
v -161.047 -15.9991 -114.293
v -161.047 -10.4945 -114.293
v -161.047 -15.9991 -131.169
v -161.047 -10.4945 -131.169
v -149.346 -15.9991 -114.293
v -149.346 -10.4945 -114.293
v -149.346 -15.9991 -131.169
v -149.346 -10.4945 -131.169
v -264.354 -15.9991 -122.731
v -264.354 -10.4945 -122.731
v -286.632 -15.9991 -122.731
v -286.632 -10.4945 -122.731
v -161.047 -15.9991 -122.731
v -161.047 -10.4945 -122.731
v -149.346 -15.9991 -122.731
v -149.346 -10.4945 -122.731
v -264.354 -4.79137 -122.731
v -264.354 -4.79137 -114.293
v -161.047 -4.79137 -122.731
v -161.047 -8.97521 -114.293
v -149.346 -4.79137 -122.731
v -149.346 -4.79137 -114.293
v -264.354 2.12823 -122.731
v -264.354 2.12823 -114.293
v -161.047 2.12823 -122.731
v -161.047 2.12823 -114.293
v -149.346 2.12823 -122.731
v -149.346 2.12823 -114.293
v -264.354 -15.9991 -38.3047
v -264.354 -10.4945 -38.3047
v -161.047 -15.9991 -38.3047
v -161.047 -10.4945 -38.3047
v -161.047 -8.97521 -38.3047
v -264.354 -4.79137 -38.3047
v -161.047 2.12823 -38.3047
v -264.354 2.12823 -38.3047
v -161.047 -15.9991 -89.1479
v -161.047 -10.4945 -89.1479
v -149.346 -15.9991 -89.1479
v -149.346 -10.4945 -89.1479
v -149.346 -4.79137 -89.1479
v -161.047 -4.79137 -89.1479
v -38.2127 -15.9991 -114.293
v -38.2127 -10.4945 -114.293
v -38.2127 -4.79137 -114.293
v -38.2127 -15.9991 -89.1479
v -38.2127 -10.4945 -89.1479
v -38.2127 -4.79137 -89.1479
v 138.351 -15.9991 -114.293
v 138.351 -10.4945 -114.293
v 138.351 -4.79137 -114.293
v 138.351 -15.9991 -89.1479
v 138.351 -10.4945 -89.1479
v 138.351 -4.79137 -89.1479
v 152.307 -15.9991 -114.293
v 152.307 -10.4945 -114.293
v 152.307 -4.79137 -114.293
v 152.307 -15.9991 -89.1479
v 152.307 -10.4945 -89.1479
v 152.307 -4.79137 -89.1479
v 138.351 -15.9991 -241.804
v 138.351 -10.4945 -241.804
v 138.351 -4.79137 -241.804
v 152.307 -15.9991 -241.804
v 152.307 -10.4945 -241.804
v 152.307 -4.79137 -241.804
v 138.351 -15.9991 -300.1
v 138.351 -10.4945 -300.1
v 138.351 -4.79137 -300.1
v 152.307 -15.9991 -300.1
v 152.307 -10.4945 -300.1
v 152.307 -4.79137 -300.1
v 138.351 -15.9991 -382.477
v 138.351 -10.4945 -382.477
v 138.351 -4.79137 -382.477
v 152.307 -15.9991 -382.477
v 152.307 -10.4945 -382.477
v 152.307 -4.79137 -382.477
v 211.403 -10.4945 -38.5435
v 211.403 -15.9991 -38.5435
v 211.403 -15.9991 -24.1348
v 211.403 -10.4945 -24.1348
v 369.052 -10.4945 -38.5435
v 369.052 -15.9991 -38.5435
v 369.052 -15.9991 -24.1348
v 369.052 -10.4945 -24.1348
v 386.773 -10.4945 -38.5435
v 386.773 -15.9991 -38.5435
v 386.773 -15.9991 -24.1348
v 386.773 -10.4945 -24.1348
v -143.513 -15.9991 -8.35703
v -143.513 -10.4945 -8.35703
v -227.791 -15.9991 -8.35703
v -227.791 -10.4945 -8.35703
v -286.632 -15.9991 -8.35703
v -286.632 -10.4945 -8.35703
v -264.354 -10.4945 -8.35703
v -264.354 -15.9991 -8.35703
v -227.791 3.48595 -8.35703
v -227.791 3.48595 -24.1348
v -264.354 3.48595 -24.1348
v -286.632 3.48595 -24.1348
v -264.354 3.48595 -8.35703
v -286.632 3.48595 -8.35703
v -227.791 27.4594 -8.35703
v -227.791 27.4594 -24.1348
v -264.354 27.4594 -24.1348
v -286.632 27.4594 -24.1348
v -264.354 27.4594 -8.35703
v -286.632 27.4594 -8.35703
v -227.791 40.412 -8.35703
v -227.791 40.412 -24.1348
v -264.354 40.412 -24.1348
v -286.632 40.412 -24.1348
v -264.354 40.412 -8.35703
v -286.632 40.412 -8.35703
v -227.791 56.4282 -8.35703
v -227.791 56.4282 -24.1348
v -264.354 56.4282 -24.1348
v -286.632 56.4282 -24.1348
v -264.354 56.4282 -8.35703
v -286.632 56.4282 -8.35703
v -306.745 27.4594 -24.1348
v -306.745 40.412 -24.1348
v -306.745 27.4594 -8.35703
v -306.745 40.412 -8.35703
v -306.745 56.4282 -24.1348
v -306.745 56.4282 -8.35703
v -227.791 27.4594 48.6621
v -264.354 27.4594 48.6621
v -227.791 40.412 48.6621
v -264.354 40.412 48.6621
v -227.791 27.4594 82.9806
v -264.354 27.4594 82.9806
v -227.791 40.412 82.9806
v -264.354 40.412 82.9806
v -227.791 27.4594 128.165
v -264.354 27.4594 128.165
v -227.791 40.412 128.165
v -264.354 40.412 128.165
v -227.791 27.4594 195.835
v -264.354 27.4594 195.835
v -227.791 40.412 195.835
v -264.354 40.412 195.835
v -227.791 27.4594 252.166
v -264.354 27.4594 252.166
v -227.791 40.412 252.166
v -264.354 40.412 252.166
v -227.791 135.642 195.835
v -264.354 135.642 195.835
v -227.791 135.642 252.166
v -264.354 135.642 252.166
v -227.791 27.4594 293.222
v -264.354 27.4594 293.222
v -227.791 40.412 293.222
v -264.354 40.412 293.222
v -227.791 135.642 293.222
v -264.354 135.642 293.222
v -227.791 -27.3809 195.835
v -264.354 -27.3809 195.835
v -227.791 -27.3809 252.166
v -264.354 -27.3809 252.166
v -264.354 27.4594 211.501
v -264.354 40.412 211.501
v -227.791 27.4594 211.501
v -227.791 40.412 211.501
v -264.354 135.642 211.501
v -227.791 135.642 211.501
v -264.354 -27.3809 211.501
v -227.791 -27.3809 211.501
v 71.8698 40.412 195.835
v 71.8698 27.4594 195.835
v 71.8698 -27.3809 195.835
v 71.8698 27.4594 211.501
v 71.8698 40.412 211.501
v 71.8698 -27.3809 211.501
v 199.915 40.412 195.835
v 199.915 27.4594 195.835
v 199.915 -27.3809 195.835
v 199.915 27.4594 211.501
v 199.915 40.412 211.501
v 199.915 -27.3809 211.501
v 279.023 40.412 195.835
v 279.023 27.4594 195.835
v 279.023 -27.3809 195.835
v 279.023 27.4594 211.501
v 279.023 40.412 211.501
v 279.023 -27.3809 211.501
v 368.835 40.412 195.835
v 368.835 27.4594 195.835
v 368.835 -27.3809 195.835
v 368.835 27.4594 211.501
v 368.835 40.412 211.501
v 368.835 -27.3809 211.501
v 402.659 40.412 195.835
v 402.659 27.4594 195.835
v 402.659 -27.3809 195.835
v 402.659 27.4594 211.501
v 402.659 40.412 211.501
v 402.659 -27.3809 211.501
v 71.8698 40.412 85.2178
v 71.8698 27.4594 85.2178
v 199.915 27.4594 85.2178
v 199.915 40.412 85.2178
v 279.023 40.412 85.2178
v 279.023 27.4594 85.2178
v 368.835 40.412 85.2178
v 368.835 27.4594 85.2178
v 71.8698 40.412 35.9939
v 71.8698 27.4594 35.9939
v 199.915 27.4594 35.9939
v 199.915 40.412 35.9939
v 279.023 40.412 35.9939
v 279.023 27.4594 35.9939
v 368.835 40.412 35.9939
v 368.835 27.4594 35.9939
v 71.8698 40.412 10.0836
v 71.8698 27.4594 10.0836
v 199.915 27.4594 10.0836
v 199.915 40.412 10.0836
v 279.023 40.412 10.0836
v 279.023 27.4594 10.0836
v 368.835 40.412 10.0836
v 368.835 27.4594 10.0836
v 199.915 55.6943 35.9939
v 279.023 55.6943 35.9939
v 71.8698 55.6943 35.9939
v 71.8698 55.6943 10.0836
v 368.835 55.6943 35.9939
v 199.915 55.6943 10.0836
v 279.023 55.6943 10.0836
v 368.835 55.6943 10.0836
v 211.403 55.8952 -38.5435
v 211.403 55.8952 -24.1348
v 369.052 55.8952 -38.5435
v 369.052 55.8952 -24.1348
v 211.403 67.9218 -38.5435
v 211.403 67.9218 -24.1348
v 369.052 67.9218 -38.5435
v 369.052 67.9218 -24.1348
v 199.915 40.412 -25.0142
v 279.023 40.412 -25.0142
v 71.8698 40.412 -25.0142
v 368.835 40.412 -25.0142
v 368.835 55.6943 -25.0142
v 279.023 55.6943 -25.0142
v 199.915 55.6943 -25.0142
v 71.8698 55.6943 -25.0142
v 71.8698 31.9836 85.2178
v 71.8698 31.9836 195.835
v 199.915 31.9836 195.835
v 279.023 31.9836 195.835
v 199.915 31.9836 85.2178
v 368.835 31.9836 195.835
v 279.023 31.9836 85.2178
v 368.835 31.9836 85.2178
v 211.403 -10.4945 -121.847
v 211.403 -15.9991 -121.847
v 369.052 -10.4945 -121.847
v 369.052 -15.9991 -121.847
v 386.773 -10.4945 -121.847
v 386.773 -15.9991 -121.847
v 369.052 55.8952 -121.847
v 211.403 55.8952 -121.847
v 211.403 -10.4945 -151.622
v 211.403 -15.9991 -151.622
v 369.052 -10.4945 -151.622
v 369.052 -15.9991 -151.622
v 386.773 -10.4945 -151.622
v 386.773 -15.9991 -151.622
v 369.052 55.8952 -151.622
v 211.403 55.8952 -151.622
v 281.104 -15.9991 -24.1348
v 281.104 -10.4945 -24.1348
v 281.104 -15.9991 -38.5435
v 281.104 55.8952 -24.1348
v 281.104 55.8952 -38.5435
v 281.104 67.9218 -24.1348
v 281.104 67.9218 -38.5435
v 281.104 -15.9991 -121.847
v 281.104 55.8952 -121.847
v 281.104 -15.9991 -151.622
v 281.104 -10.4945 -151.622
v 281.104 55.8952 -151.622
v 225.285 -10.4945 -24.1348
v 225.285 55.8952 -24.1348
v 225.285 55.8952 -38.5435
v 225.285 67.9218 -24.1348
v 225.285 67.9218 -38.5435
v 225.285 55.8952 -121.847
v 225.285 -10.4945 -151.622
v 225.285 55.8952 -151.622
v 225.285 -15.9991 -24.1348
v 225.285 -15.9991 -38.5435
v 225.285 -15.9991 -121.847
v 225.285 -15.9991 -151.622
v 211.403 -10.4945 -309.558
v 211.403 -15.9991 -309.558
v 225.285 -10.4945 -309.558
v 225.285 55.8952 -309.558
v 211.403 55.8952 -309.558
v 225.285 -15.9991 -309.558
v 211.403 -10.4945 -488.462
v 211.403 -15.9991 -488.462
v 225.285 -10.4945 -488.462
v 225.285 55.8952 -488.462
v 211.403 55.8952 -488.462
v 225.285 -15.9991 -488.462
v 211.403 -10.4945 -525.007
v 211.403 -15.9991 -525.007
v 225.285 -10.4945 -525.007
v 225.285 55.8952 -525.007
v 211.403 55.8952 -525.007
v 225.285 -15.9991 -525.007
v -161.047 -15.9991 -101.721
v -161.047 -10.4945 -101.721
v -161.047 -4.79137 -101.721
v -149.346 -4.79137 -101.721
v -149.346 -15.9991 -101.721
v -38.2127 -4.79137 -101.721
v -38.2127 -15.9991 -101.721
v 138.351 -4.79137 -101.721
v 138.351 -15.9991 -101.721
v 152.307 -4.79137 -101.721
v 152.307 -15.9991 -101.721
v 152.307 -10.4945 -101.721
v -38.2127 94.124 -89.1479
v 138.351 94.124 -89.1479
v -149.346 94.124 -89.1479
v -149.346 94.124 -101.721
v -38.2127 94.124 -101.721
v 138.351 94.124 -101.721
v -38.2127 165.122 -89.1479
v 138.351 165.122 -89.1479
v -149.346 165.122 -89.1479
v -149.346 165.122 -101.721
v -38.2127 165.122 -101.721
v 138.351 165.122 -101.721
v -38.2127 44.6663 -101.721
v 138.351 44.6663 -101.721
v -149.346 44.6663 -101.721
v -149.346 44.6663 -89.1479
v 138.351 44.6663 -89.1479
v -375.033 94.124 -89.1479
v -375.033 94.124 -101.721
v -375.033 44.6663 -101.721
v -375.033 44.6663 -89.1479
v -455.395 94.124 -89.1479
v -455.395 94.124 -101.721
v -455.395 44.6663 -88.8939
v -455.395 44.6663 -89.1479
v -513.548 94.124 -89.1479
v -513.548 94.124 -101.721
v -513.548 44.6663 -88.8939
v -513.548 44.6663 -89.1479
v -455.395 44.6663 -246.756
v -455.395 94.124 -246.756
v -513.548 44.6663 -246.756
v -513.548 94.124 -246.756
v -455.395 44.6663 -555.809
v -455.395 94.124 -533.655
v -513.548 44.6663 -555.809
v -513.548 94.124 -533.655
v -455.395 44.6663 -613.459
v -455.395 94.124 -613.459
v -513.548 44.6663 -613.459
v -513.548 94.124 -613.459
v -149.346 -4.79137 -247.715
v -38.2127 -4.79137 -247.715
v 138.351 -4.79137 -247.715
v 138.351 44.6663 -247.715
v -149.346 44.6663 -247.715
v -227.791 40.412 348.406
v -227.791 27.4594 348.406
v 71.8698 40.412 348.406
v 71.8698 27.4594 348.406
v 199.915 40.412 348.406
v 199.915 27.4594 348.406
v 279.023 40.412 348.406
v 279.023 27.4594 348.406
v -227.791 40.412 535.89
v -227.791 27.4594 535.89
v 71.8698 40.412 535.89
v 71.8698 27.4594 535.89
v 199.915 40.412 535.89
v 199.915 27.4594 535.89
v 279.023 40.412 535.89
v 279.023 27.4594 535.89
v -227.791 40.412 649.335
v -227.791 27.4594 649.335
v 71.8698 40.412 649.335
v 71.8698 27.4594 649.335
v 199.915 40.412 649.335
v 199.915 27.4594 649.335
v 279.023 40.412 649.335
v 279.023 27.4594 649.335
v -143.513 -15.9991 75.6475
v -143.513 -10.4945 75.6475
v -227.791 -15.9991 75.6475
v -227.791 -10.4945 75.6475
v -143.513 -15.9991 107.624
v -143.513 -10.4945 107.624
v -227.791 -15.9991 107.624
v -227.791 -10.4945 107.624
v -143.513 -15.9991 164.096
v -143.513 -10.4945 164.096
v -227.791 -15.9991 164.096
v -227.791 -10.4945 164.096
v -32.2181 -15.9991 107.624
v -32.2181 -10.4945 107.624
v -32.2181 -15.9991 164.096
v -32.2181 -10.4945 164.096
v 208.832 -15.9991 107.624
v 208.832 -10.4945 107.624
v 208.832 -15.9991 164.096
v 208.832 -10.4945 164.096
v 453.452 -15.9991 107.624
v 453.452 -10.4945 107.624
v 453.452 -15.9991 164.096
v 453.452 -10.4945 164.096
v -32.2181 -15.9991 34.0333
v -32.2181 -10.4945 34.0333
v 208.832 -15.9991 34.0333
v 208.832 -10.4945 34.0333
v 88.307 -15.9991 107.624
v 88.307 -15.9991 164.096
v 88.307 -10.4945 164.096
v 88.307 -10.4945 107.624
v 88.307 -15.9991 34.0333
v 88.307 -10.4945 34.0333
v -227.791 -10.4945 135.86
v -143.513 -10.4945 135.86
v -143.513 -15.9991 135.86
v -227.791 -15.9991 135.86
v -32.2181 -10.4945 135.86
v -32.2181 -15.9991 135.86
v 208.832 -10.4945 135.86
v 208.832 -15.9991 135.86
v 453.452 -10.4945 135.86
v 453.452 -15.9991 135.86
v 88.307 -10.4945 135.86
v 88.307 -15.9991 135.86
v -32.2181 -3.10379 135.86
v -32.2181 -3.10379 107.624
v 208.832 -3.10379 135.86
v 208.832 -3.10379 107.624
v 88.307 -3.10379 107.624
v 88.307 -3.10379 135.86
v 28.0445 -15.9991 164.096
v 28.0445 -10.4945 164.096
v 28.0445 -10.4945 107.624
v 28.0445 -10.4945 34.0333
v 28.0445 -15.9991 107.624
v 28.0445 -15.9991 34.0333
v 28.0445 -15.9991 135.86
v 28.0445 -10.4945 135.86
v 28.0445 -3.10379 107.624
v 28.0445 -3.10379 135.86
v 70.6713 -15.9991 107.624
v 70.6713 -15.9991 34.0333
v 70.6713 -15.9991 135.86
v 70.6713 -10.4945 135.86
v 70.6713 -3.10379 135.86
v 70.6714 -15.9991 164.096
v 70.6714 -10.4945 164.096
v 70.6714 -10.4945 107.624
v 70.6714 -10.4945 34.0333
v 70.6714 -3.10379 107.624
v -32.2181 27.9524 135.86
v -32.2181 27.9524 107.624
v 28.0445 27.9524 107.624
v 88.307 27.9524 135.86
v 88.307 27.9524 107.624
v 70.6713 27.9524 135.86
v 28.0445 27.9524 135.86
v 70.6714 27.9524 107.624
v -38.2127 -4.79137 -84.7146
v 138.351 -4.79137 -84.7146
v -149.346 -4.79137 -84.7146
v -38.2127 94.124 -84.7146
v 138.351 94.124 -84.7146
v -149.346 94.124 -84.7146
v -38.2127 44.6663 -84.7146
v -149.346 44.6663 -84.7146
v 138.351 44.6663 -84.7146
v 71.8698 185.548 35.9939
v 199.915 185.548 35.9939
v 71.8698 185.548 10.0836
v 199.915 185.548 10.0836
v 71.8698 234.371 35.9939
v 199.915 234.371 35.9939
v 71.8698 234.371 10.0836
v 199.915 234.371 10.0836
v 208.832 -7.7469 135.86
v 88.307 -7.7469 135.86
v 208.832 -7.7469 107.624
v -32.2181 -7.7469 107.624
v 88.307 -7.7469 107.624
v -32.2181 -7.7469 135.86
v 28.0445 -7.7469 135.86
v 28.0445 -7.7469 107.624
v 70.6714 -7.7469 107.624
v 70.6713 -7.7469 135.86
v 28.0445 -10.4945 101.421
v -32.2181 -10.4945 101.421
v 208.832 -10.4945 101.421
v 88.307 -10.4945 101.421
v 88.307 -7.7469 101.421
v 70.6714 -10.4945 101.421
v 208.832 -7.7469 101.421
v -32.2181 -7.7469 101.421
v 28.0445 -7.7469 101.421
v 70.6714 -7.7469 101.421
v 213.589 -7.7469 135.86
v 213.589 -3.10379 135.86
v 213.589 -3.10379 107.624
v 213.589 -7.7469 107.624
v 208.832 25.0565 135.86
v 208.832 25.0565 107.624
v 213.589 25.0565 135.86
v 213.589 25.0565 107.624
v -378.563 27.4594 48.6621
v -378.563 40.412 48.6621
v -329.954 27.4594 82.9806
v -329.954 40.412 82.9806
v -329.954 27.4594 128.165
v -329.954 40.412 128.165
v -517.693 27.4594 48.6621
v -517.693 40.412 48.6621
v -517.693 27.4594 82.9806
v -517.693 40.412 82.9806
v -517.693 27.4594 128.165
v -517.693 40.412 128.165
v -483.211 27.4594 195.835
v -483.211 40.412 195.835
v -483.211 40.412 211.501
v -483.211 135.642 211.501
v -483.211 135.642 195.835
v -483.211 -27.3809 195.835
v -483.211 27.4594 211.501
v -483.211 -27.3809 211.501
v -522.315 27.4594 195.835
v -522.315 40.412 195.835
v -522.315 40.412 211.501
v -522.315 135.642 211.501
v -522.315 135.642 195.835
v -522.315 -27.3809 195.835
v -522.315 27.4594 211.501
v -522.315 -27.3809 211.501
v -522.315 -27.3809 429.604
v -483.211 -27.3809 429.604
v -483.211 27.4594 429.604
v -522.315 27.4594 429.604
v -483.211 40.412 429.604
v -483.211 135.642 429.604
v -522.315 40.412 429.604
v -522.315 135.642 429.604
v -522.315 -27.3809 524.954
v -483.211 -27.3809 524.954
v -483.211 27.4594 524.954
v -522.315 27.4594 524.954
v -483.211 40.412 524.954
v -483.211 135.642 524.954
v -522.315 40.412 524.954
v -522.315 135.642 524.954
v -522.315 -27.3809 542.029
v -483.211 -27.3809 542.029
v -483.211 27.4594 542.029
v -522.315 27.4594 542.029
v -483.211 40.412 542.029
v -483.211 135.642 542.029
v -522.315 40.412 542.029
v -522.315 135.642 542.029
v -225.482 30.3835 542.029
v -225.482 30.3835 524.954
v -225.482 27.4594 524.954
v -225.482 -27.3809 524.954
v -225.482 27.4594 542.029
v -225.482 -27.3809 542.029
v 71.197 30.3835 542.029
v 71.197 30.3835 524.954
v 71.197 27.4594 524.954
v 71.197 -27.3809 524.954
v 71.197 27.4594 542.029
v 71.197 -27.3809 542.029
v 5.183 -15.9991 -114.293
v 5.183 -10.4945 -114.293
v 5.183 -15.9991 -38.3047
v 5.183 -10.4945 -38.3047
v 5.183 -8.97521 -114.293
v 5.183 -8.97521 -38.3047
v 77.5205 -15.9991 -114.293
v 77.5205 -10.4945 -114.293
v 77.5205 -15.9991 -38.3047
v 77.5205 -10.4945 -38.3047
v 77.5205 -8.97521 -114.293
v 77.5205 -8.97521 -38.3047
v 147.332 -15.9991 -114.293
v 147.332 -10.4945 -114.293
v 147.332 -15.9991 -38.3047
v 147.332 -10.4945 -38.3047
v 147.332 -8.97521 -114.293
v 147.332 -8.97521 -38.3047
v -7.20432 -13.5489 -24.1348
v -7.20432 -13.5489 -38.5435
v 7.20432 -13.5489 -38.5435
v 7.20432 -13.5489 -24.1348
v 60.934 -13.5489 -38.5435
v 60.934 -13.5489 -24.1348
v -84.8447 -13.5489 -24.1348
v -84.8447 -13.5489 -38.5435
v -143.513 -13.5489 -24.1348
v -143.513 -13.5489 -38.5435
v -227.791 -13.5489 -38.5435
v -286.632 -13.5489 -24.1348
v -286.632 -13.5489 -38.5435
v -264.354 -13.5489 -38.5435
v -286.632 -13.5489 -114.293
v -264.354 -13.5489 -114.293
v -286.632 -13.5489 -131.169
v -264.354 -13.5489 -131.169
v -161.047 -13.5489 -114.293
v -161.047 -13.5489 -131.169
v -149.346 -13.5489 -114.293
v -149.346 -13.5489 -131.169
v -149.346 -13.5489 -122.731
v -286.632 -13.5489 -122.731
v -264.354 -13.5489 -38.3047
v -161.047 -13.5489 -38.3047
v -161.047 -13.5489 -89.1479
v -149.346 -13.5489 -89.1479
v -38.2127 -13.5489 -114.293
v -38.2127 -13.5489 -89.1479
v 138.351 -13.5489 -114.293
v 138.351 -13.5489 -89.1479
v 152.307 -13.5489 -114.293
v 152.307 -13.5489 -89.1479
v 138.351 -13.5489 -241.804
v 152.307 -13.5489 -241.804
v 138.351 -13.5489 -300.1
v 152.307 -13.5489 -300.1
v 138.351 -13.5489 -382.477
v 152.307 -13.5489 -382.477
v 211.403 -13.5489 -38.5435
v 211.403 -13.5489 -24.1348
v 369.052 -13.5489 -24.1348
v 386.773 -13.5489 -38.5435
v 386.773 -13.5489 -24.1348
v -143.513 -13.5489 -8.35703
v -227.791 -13.5489 -8.35703
v -286.632 -13.5489 -8.35703
v -264.354 -13.5489 -8.35703
v 211.403 -13.5489 -121.847
v 386.773 -13.5489 -121.847
v 211.403 -13.5489 -151.622
v 369.052 -13.5489 -151.622
v 386.773 -13.5489 -151.622
v 281.104 -13.5489 -151.622
v 281.104 -13.5489 -24.1348
v 225.285 -13.5489 -24.1348
v 225.285 -13.5489 -151.622
v 211.403 -13.5489 -309.558
v 225.285 -13.5489 -309.558
v 211.403 -13.5489 -488.462
v 225.285 -13.5489 -488.462
v 211.403 -13.5489 -525.007
v 225.285 -13.5489 -525.007
v 152.307 -13.5489 -101.721
v -161.047 -13.5489 -101.721
v -143.513 -13.5489 75.6475
v -227.791 -13.5489 75.6475
v -143.513 -13.5489 107.624
v -227.791 -13.5489 107.624
v -143.513 -13.5489 164.096
v -227.791 -13.5489 164.096
v -32.2181 -13.5489 107.624
v -32.2181 -13.5489 164.096
v 208.832 -13.5489 107.624
v 208.832 -13.5489 164.096
v 453.452 -13.5489 107.624
v 453.452 -13.5489 164.096
v -32.2181 -13.5489 34.0333
v 208.832 -13.5489 34.0333
v 88.307 -13.5489 34.0333
v 88.307 -13.5489 164.096
v -227.791 -13.5489 135.86
v 28.0445 -13.5489 164.096
v 28.0445 -13.5489 34.0333
v 70.6714 -13.5489 164.096
v 70.6713 -13.5489 34.0333
v 5.183 -13.5489 -114.293
v 5.183 -13.5489 -38.3047
v 77.5205 -13.5489 -114.293
v 77.5205 -13.5489 -38.3047
v 147.332 -13.5489 -114.293
v 147.332 -13.5489 -38.3047
v 7.20432 -13.5489 23.6
v 7.20432 -15.9991 23.6
v -7.20432 -15.9991 23.6
v 60.934 -13.5489 23.6
v 60.934 -15.9991 23.6
v -84.8447 -15.9991 23.6
v -143.513 -15.9991 23.6
v 211.403 -13.5489 23.6
v 211.403 -15.9991 23.6
v 369.052 -13.5489 23.6
v 369.052 -15.9991 23.6
v 281.104 -15.9991 23.6
v 386.773 -13.5489 23.6
v 386.773 -15.9991 23.6
v 225.285 -15.9991 23.6
v -7.20432 -13.5489 23.6
v -84.8447 -13.5489 23.6
v -143.513 -13.5489 23.6
v 281.104 -13.5489 23.6
v 225.285 -13.5489 23.6
v 7.20432 -13.5489 33.8141
v 7.20432 -15.9991 33.8141
v -7.20432 -15.9991 33.8141
v 60.934 -13.5489 33.8141
v 60.934 -15.9991 33.8141
v -84.8447 -15.9991 33.8141
v -143.513 -15.9991 33.8141
v 211.403 -13.5489 33.8141
v 211.403 -15.9991 33.8141
v 369.052 -13.5489 33.8141
v 369.052 -15.9991 33.8141
v 281.104 -15.9991 33.8141
v 386.773 -13.5489 33.8141
v 386.773 -15.9991 33.8141
v 225.285 -15.9991 33.8141
v -7.20432 -13.5489 33.8141
v -84.8447 -13.5489 33.8141
v -143.513 -13.5489 33.8141
v 281.104 -13.5489 33.8141
v 225.285 -13.5489 33.8141
v -7.20432 -15.9991 107.897
v -84.8447 -15.9991 107.897
v -143.513 -15.9991 107.897
v -7.20432 -13.5489 107.897
v -84.8447 -13.5489 107.897
v -143.513 -13.5489 107.897
v -227.791 46.9791 -8.35703
v -227.791 46.9791 -24.1348
v -143.513 46.9791 -24.1348
v -143.513 46.9791 -8.35703
v -227.791 46.9791 75.6475
v -143.513 46.9791 75.6475
v -227.791 46.9791 107.624
v -143.513 46.9791 107.624
v -227.791 108.56 -8.35703
v -227.791 108.56 -24.1348
v -143.513 108.56 -24.1348
v -143.513 108.56 -8.35703
v -227.791 108.56 75.6475
v -143.513 108.56 75.6475
v -227.791 108.56 107.624
v -143.513 108.56 107.624
v -227.791 166.203 75.6475
v -143.513 166.203 75.6475
v -227.791 166.203 107.624
v -143.513 166.203 107.624
v -7.20432 -3.96346 -24.1348
v -7.20432 -3.96346 -38.5435
v -84.8447 -3.96346 -24.1348
v -84.8447 -3.96346 -38.5435
v 71.8698 40.412 194.081
v 199.915 40.412 194.081
v 71.8698 55.6943 194.081
v 199.915 55.6943 194.081
v 71.8698 185.548 194.081
v 199.915 185.548 194.081
v 71.8698 40.412 502.263
v 199.915 40.412 502.263
v 71.8698 55.6943 502.263
v 199.915 55.6943 502.263
v 71.8698 185.548 502.263
v 199.915 185.548 502.263
v 71.8698 40.412 650.336
v 199.915 40.412 650.336
v 71.8698 55.6943 650.336
v 199.915 55.6943 650.336
v 71.8698 185.548 650.336
v 199.915 185.548 650.336
v 71.8698 182.223 51.8525
v 71.8698 59.0192 51.8525
v 71.8698 182.223 201.844
v 71.8698 59.0192 201.844
v 71.8698 182.223 494.244
v 71.8698 182.223 634.733
v 71.8698 59.0192 494.244
v 71.8698 59.0192 634.733
v 81.4689 182.223 51.8525
v 81.4689 59.0192 51.8525
v 81.4689 182.223 201.844
v 81.4689 59.0192 201.844
v 81.4689 182.223 494.244
v 81.4689 182.223 634.733
v 81.4689 59.0192 494.244
v 81.4689 59.0192 634.733
v 199.915 176.125 35.9939
v 71.8698 176.125 35.9939
v 71.8698 176.125 10.0836
v 199.915 176.125 10.0836
v 199.915 176.125 194.081
v 199.915 176.125 502.263
v 199.915 176.125 650.336
v 71.8698 176.125 650.336
v 71.8698 173.282 51.8525
v 71.8698 173.282 634.733
v 81.4689 173.282 51.8525
v 81.4689 173.282 201.844
v 81.4689 173.282 494.244
v 81.4689 173.282 634.733
v 71.8698 115.909 35.9939
v 71.8698 115.909 10.0836
v 71.8698 115.909 650.336
v 71.8698 116.151 51.8525
v 71.8698 116.151 634.733
v 81.4689 116.151 51.8525
v 81.4689 116.151 201.844
v 81.4689 116.151 494.244
v 81.4689 116.151 634.733
v 199.915 115.909 35.9939
v 199.915 115.909 10.0836
v 199.915 115.909 194.081
v 199.915 115.909 502.263
v 199.915 115.909 650.336
v 199.915 127.953 35.9939
v 199.915 127.953 10.0836
v 199.915 127.953 194.081
v 199.915 127.953 502.263
v 199.915 127.953 650.336
v 71.8698 127.953 35.9939
v 71.8698 127.953 10.0836
v 71.8698 127.953 650.336
v 71.8698 127.577 51.8525
v 71.8698 127.577 634.733
v 81.4689 127.577 51.8525
v 81.4689 127.577 201.844
v 81.4689 127.577 494.244
v 81.4689 127.577 634.733
v 199.915 185.548 210.602
v 199.915 55.6943 210.602
v 199.915 40.412 210.602
v 71.8698 55.6943 210.602
v 71.8698 185.548 210.602
v 71.8698 40.412 210.602
v 71.8698 59.0192 217.519
v 71.8698 182.223 217.519
v 81.4689 59.0192 217.519
v 81.4689 182.223 217.519
v 81.4689 173.282 217.519
v 199.915 176.125 210.602
v 199.915 115.909 210.602
v 81.4689 116.151 217.519
v 81.4689 127.577 217.519
v 199.915 127.953 210.602
v 199.915 185.548 475.169
v 71.8698 55.6943 475.169
v 71.8698 40.412 475.169
v 71.8698 59.0192 468.537
v 81.4689 59.0192 468.537
v 81.4689 173.282 468.537
v 199.915 176.125 475.169
v 199.915 115.909 475.169
v 81.4689 116.151 468.537
v 81.4689 127.577 468.537
v 199.915 127.953 475.169
v 199.915 55.6943 475.169
v 199.915 40.412 475.169
v 71.8698 185.548 475.169
v 71.8698 182.223 468.537
v 81.4689 182.223 468.537
v 136.13 116.151 51.8525
v 136.13 59.0192 51.8525
v 136.13 116.151 201.844
v 136.13 59.0192 201.844
v 136.13 116.151 494.244
v 136.13 59.0192 494.244
v 136.13 116.151 634.733
v 136.13 59.0192 634.733
v 136.13 173.282 494.244
v 136.13 173.282 634.733
v 136.13 173.282 51.8525
v 136.13 173.282 201.844
v 136.13 127.577 51.8525
v 136.13 127.577 201.844
v 136.13 127.577 494.244
v 136.13 127.577 634.733
v 136.13 127.577 217.519
v 136.13 173.282 217.519
v 136.13 59.0192 217.519
v 136.13 116.151 217.519
v 136.13 59.0192 468.537
v 136.13 173.282 468.537
v 136.13 116.151 468.537
v 136.13 127.577 468.537
v 52.6606 127.577 51.8525
v 52.6606 116.151 51.8525
v 52.6606 127.577 201.844
v 52.6606 116.151 201.844
v 52.6606 127.577 494.244
v 52.6606 116.151 494.244
v 52.6606 127.577 634.733
v 52.6606 116.151 634.733
v 52.6606 116.151 217.519
v 52.6606 127.577 217.519
v 52.6606 116.151 468.537
v 52.6606 127.577 468.537
v 42.3161 127.577 51.8525
v 42.3161 116.151 51.8525
v 42.3161 127.577 201.844
v 42.3161 116.151 201.844
v 42.3161 127.577 494.244
v 42.3161 116.151 494.244
v 42.3161 127.577 634.733
v 42.3161 116.151 634.733
v 42.3161 116.151 217.519
v 42.3161 127.577 217.519
v 42.3161 116.151 468.537
v 42.3161 127.577 468.537
v 52.6606 145.87 51.8525
v 52.6606 145.87 201.844
v 52.6606 145.87 494.244
v 52.6606 145.87 634.733
v 52.6606 145.87 217.519
v 52.6606 145.87 468.537
v 42.3161 145.87 51.8525
v 42.3161 145.87 201.844
v 42.3161 145.87 494.244
v 42.3161 145.87 634.733
v 42.3161 145.87 217.519
v 42.3161 145.87 468.537
v 26.4298 59.0192 494.244
v 26.4298 55.6943 502.263
v 26.4298 55.6943 35.9939
v 26.4298 55.6943 194.081
v 26.4298 55.6943 650.336
v 26.4298 59.0192 634.733
v 26.4298 59.0192 51.8525
v 26.4298 59.0192 201.844
v 26.4298 55.6943 210.602
v 26.4298 59.0192 217.519
v 26.4298 55.6943 475.169
v 26.4298 59.0192 468.537
v 21.3443 59.0192 494.244
v 21.3443 55.6943 502.263
v 21.3443 55.6943 35.9939
v 21.3443 55.6943 194.081
v 21.3443 55.6943 650.336
v 21.3443 59.0192 634.733
v 21.3443 59.0192 51.8525
v 21.3443 59.0192 201.844
v 21.3443 55.6943 210.602
v 21.3443 59.0192 217.519
v 21.3443 55.6943 475.169
v 21.3443 59.0192 468.537
v 26.4298 87.7785 51.8525
v 26.4298 87.7785 201.844
v 26.4298 87.7785 634.733
v 26.4298 87.7785 494.244
v 26.4298 87.7785 217.519
v 26.4298 87.7785 468.537
v 21.3443 87.7785 51.8525
v 21.3443 87.7785 201.844
v 21.3443 87.7785 634.733
v 21.3443 87.7785 494.244
v 21.3443 87.7785 217.519
v 21.3443 87.7785 468.537
v 101.642 173.282 51.8525
v 101.642 173.282 201.844
v 101.642 127.577 201.844
v 101.642 127.577 51.8525
v 71.8698 118.321 51.8525
v 71.8698 118.321 201.844
v 81.4689 118.321 51.8525
v 81.4689 118.321 201.844
v 71.8698 112.721 217.519
v 81.4689 112.721 217.519
v 71.8698 112.721 468.537
v 81.4689 112.721 468.537
v 81.4689 114.204 634.733
v 71.8698 114.204 634.733
v 71.8698 114.204 494.244
v 81.4689 114.204 494.244
v 71.8698 57.3568 498.254
v 71.8698 57.3568 642.534
v 71.8698 57.3568 197.963
v 71.8698 183.885 43.9232
v 71.8698 183.885 197.963
v 71.8698 57.3568 43.9232
v 71.8698 183.885 498.254
v 71.8698 183.885 642.534
v 71.8698 174.703 642.534
v 71.8698 174.703 43.9232
v 71.8698 116.03 642.534
v 71.8698 116.03 43.9232
v 71.8698 127.765 43.9232
v 71.8698 127.765 642.534
v 71.8698 183.885 214.061
v 71.8698 57.3568 214.061
v 71.8698 183.885 471.853
v 71.8698 57.3568 471.853
v 26.4298 57.3568 498.254
v 26.4298 57.3568 642.534
v 26.4298 57.3568 197.963
v 26.4298 57.3568 43.9232
v 26.4298 57.3568 214.061
v 26.4298 57.3568 471.853
v 21.3443 57.3568 498.254
v 21.3443 57.3568 642.534
v 21.3443 57.3568 197.963
v 21.3443 57.3568 43.9232
v 21.3443 57.3568 214.061
v 21.3443 57.3568 471.853
v 71.8698 87.4068 43.9232
v 71.8698 89.0692 51.8525
v 26.4298 87.4068 43.9232
v 26.4298 89.0692 51.8525
v 71.8698 84.5266 214.061
v 71.8698 86.189 217.519
v 26.4298 84.5266 214.061
v 26.4298 86.189 217.519
v 71.8698 85.4597 471.853
v 71.8698 87.1222 468.537
v 26.4298 85.4597 471.853
v 26.4298 87.1222 468.537
v 71.8698 88.0046 642.534
v 71.8698 89.6671 634.733
v 26.4298 88.0046 642.534
v 26.4298 89.6671 634.733
v 179.044 55.6943 194.081
v 179.044 55.6943 35.9939
v 179.044 55.6943 650.336
v 179.044 55.6943 502.263
v 179.044 127.953 35.9939
v 179.044 176.125 35.9939
v 179.044 127.953 194.081
v 179.044 176.125 194.081
v 179.044 127.953 502.263
v 179.044 176.125 502.263
v 179.044 127.953 650.336
v 179.044 176.125 650.336
v 179.044 115.909 35.9939
v 179.044 115.909 194.081
v 179.044 115.909 502.263
v 179.044 115.909 650.336
v 179.044 55.6943 475.169
v 179.044 55.6943 210.602
v 179.044 115.909 210.602
v 179.044 176.125 210.602
v 179.044 127.953 210.602
v 179.044 176.125 475.169
v 179.044 115.909 475.169
v 179.044 127.953 475.169
v 241.011 55.6943 35.9939
v 241.011 40.412 35.9939
v 241.011 55.6943 194.081
v 241.011 40.412 194.081
v 241.011 55.6943 502.263
v 241.011 40.412 502.263
v 241.011 55.6943 650.336
v 241.011 40.412 650.336
v 241.011 115.909 35.9939
v 241.011 115.909 194.081
v 241.011 115.909 502.263
v 241.011 115.909 650.336
v 241.011 127.953 35.9939
v 241.011 127.953 194.081
v 241.011 127.953 502.263
v 241.011 127.953 650.336
v 241.011 55.6943 475.169
v 241.011 55.6943 210.602
v 241.011 40.412 475.169
v 241.011 40.412 210.602
v 241.011 127.953 210.602
v 241.011 115.909 210.602
v 241.011 115.909 475.169
v 241.011 127.953 475.169
v 250.937 55.6943 35.9939
v 250.937 40.412 35.9939
v 250.937 55.6943 194.081
v 250.937 40.412 194.081
v 250.937 55.6943 502.263
v 250.937 40.412 502.263
v 250.937 55.6943 650.336
v 250.937 40.412 650.336
v 250.937 115.909 35.9939
v 250.937 115.909 194.081
v 250.937 115.909 502.263
v 250.937 115.909 650.336
v 250.937 127.953 35.9939
v 250.937 127.953 194.081
v 250.937 127.953 502.263
v 250.937 127.953 650.336
v 250.937 55.6943 475.169
v 250.937 55.6943 210.602
v 250.937 40.412 475.169
v 250.937 40.412 210.602
v 250.937 127.953 210.602
v 250.937 115.909 210.602
v 250.937 115.909 475.169
v 250.937 127.953 475.169
v 241.011 78.1866 194.081
v 241.011 78.1866 35.9939
v 241.011 78.1866 650.336
v 241.011 78.1866 502.263
v 241.011 150.445 35.9939
v 241.011 150.445 194.081
v 241.011 150.445 502.263
v 241.011 150.445 650.336
v 241.011 78.1866 475.169
v 241.011 78.1866 210.602
v 241.011 150.445 210.602
v 241.011 150.445 475.169
v 250.937 78.1866 194.081
v 250.937 78.1866 35.9939
v 250.937 78.1866 650.336
v 250.937 78.1866 502.263
v 250.937 150.445 35.9939
v 250.937 150.445 194.081
v 250.937 150.445 502.263
v 250.937 150.445 650.336
v 250.937 78.1866 475.169
v 250.937 78.1866 210.602
v 250.937 150.445 210.602
v 250.937 150.445 475.169
v 199.915 297.718 35.9939
v 199.915 297.718 194.081
v 71.8698 297.718 35.9939
v 71.8698 297.718 194.081
v 71.8698 297.718 502.263
v 71.8698 297.718 650.336
v 199.915 297.718 502.263
v 199.915 297.718 650.336
v 71.8698 297.718 475.169
v 71.8698 297.718 210.602
v 199.915 297.718 210.602
v 199.915 297.718 475.169
v 199.915 330.497 35.9939
v 199.915 330.497 194.081
v 71.8698 330.497 35.9939
v 71.8698 330.497 194.081
v 71.8698 330.497 502.263
v 71.8698 330.497 650.336
v 199.915 330.497 502.263
v 199.915 330.497 650.336
v 71.8698 330.497 475.169
v 71.8698 330.497 210.602
v 199.915 330.497 210.602
v 199.915 330.497 475.169
v 71.8698 185.548 194.026
v 199.915 185.548 194.026
v 71.8698 297.718 194.026
v 199.915 297.718 194.026
v 71.8698 330.497 194.026
v 199.915 330.497 194.026
v 71.8698 185.548 476.378
v 199.915 185.548 476.378
v 71.8698 297.718 476.378
v 199.915 297.718 476.378
v 71.8698 330.497 476.378
v 199.915 330.497 476.378
v 71.8698 369.725 210.602
v 71.8698 369.725 194.026
v 71.8698 369.725 502.263
v 199.915 369.725 502.263
v 199.915 369.725 210.602
v 199.915 369.725 194.026
v 71.8698 369.725 476.378
v 199.915 369.725 476.378
v -227.791 88.3183 195.835
v -227.791 88.3183 211.501
v 71.8698 88.3183 195.835
v 71.8698 88.3183 211.501
v -208.76 -27.3809 211.501
v -208.76 27.4594 211.501
v -208.76 27.4594 195.835
v -208.76 -27.3809 195.835
v -208.76 40.412 211.501
v -208.76 40.412 195.835
v -208.76 27.4594 348.406
v -208.76 40.412 348.406
v -208.76 27.4594 535.89
v -208.76 40.412 535.89
v -208.76 27.4594 649.335
v -208.76 40.412 649.335
v -208.76 88.3183 211.501
v -208.76 88.3183 195.835
v 199.915 40.412 637.74
v 71.8698 40.412 637.74
v 71.8698 27.4594 637.74
v -227.791 27.4594 637.74
v -227.791 40.412 637.74
v 279.023 40.412 637.74
v 279.023 27.4594 637.74
v 199.915 27.4594 637.74
v -208.76 40.412 637.74
v -208.76 27.4594 637.74
v 71.8698 89.5486 637.74
v 71.8698 89.5486 649.335
v -208.76 89.5486 649.335
v -208.76 89.5486 637.74
v -208.76 97.8639 649.335
v -227.791 97.8639 649.335
v -208.76 97.8639 637.74
v -227.791 97.8639 637.74
v -208.76 92.2487 211.501
v -227.791 92.2487 211.501
v -227.791 92.2487 535.89
v -227.791 92.2487 348.406
v -208.76 92.2487 348.406
v -208.76 92.2487 535.89
v -227.791 92.2487 637.74
v -208.76 92.2487 637.74
v -227.791 136.818 195.835
v -227.791 136.818 211.501
v -208.76 136.818 211.501
v -208.76 136.818 195.835
v 71.8698 13.9315 35.9939
v 199.915 13.9315 35.9939
v 71.8698 13.9315 10.0836
v 199.915 13.9315 10.0836
v 71.8698 27.4594 62.1132
v 199.915 27.4594 62.1132
v 71.8698 13.9315 62.1132
v 199.915 13.9315 62.1132
v 71.8698 -11.0423 35.9939
v 199.915 -11.0423 35.9939
v 71.8698 -11.0423 62.1132
v 199.915 -11.0423 62.1132
v 368.835 40.412 -16.075
v 279.023 40.412 -16.075
v 71.8698 55.6943 -16.075
v 71.8698 40.412 -16.075
v 199.915 40.412 -16.075
v 368.835 55.6943 -16.075
v 279.023 55.6943 -16.075
v 199.915 55.6943 -16.075
v 199.915 100.154 -25.0142
v 279.023 100.154 -25.0142
v 71.8698 100.154 -25.0142
v 71.8698 100.154 -16.075
v 279.023 100.154 -16.075
v 199.915 100.154 -16.075
v -38.2127 327.766 -101.721
v 138.351 327.766 -101.721
v -149.346 327.766 -101.721
v -38.2127 327.766 -247.715
v 138.351 327.766 -247.715
v -149.346 327.766 -247.715
v 50.0692 44.6663 -101.721
v -93.7795 44.6663 -101.721
v -38.2127 180.052 -101.721
v 50.0692 327.766 -101.721
v -93.7795 327.766 -101.721
v -149.346 180.052 -101.721
v 138.351 180.052 -101.721
v 50.0692 180.052 -101.721
v -93.7795 180.052 -101.721
v 94.2101 44.6663 -101.721
v -65.9961 44.6663 -101.721
v -38.2127 247.744 -101.721
v 94.2101 327.766 -101.721
v -65.9961 327.766 -101.721
v -149.346 112.359 -101.721
v 138.351 112.359 -101.721
v 5.92824 44.6663 -101.721
v -121.563 44.6663 -101.721
v -38.2127 112.359 -101.721
v 5.92824 327.766 -101.721
v -121.563 327.766 -101.721
v -149.346 247.744 -101.721
v 138.351 247.744 -101.721
v 50.0692 247.744 -101.721
v 50.0692 112.359 -101.721
v 5.92824 180.052 -101.721
v 94.2101 180.052 -101.721
v -93.7795 247.744 -101.721
v -93.7795 112.359 -101.721
v -121.563 180.052 -101.721
v -65.9961 180.052 -101.721
v -65.9961 112.359 -101.721
v -121.563 112.359 -101.721
v -121.563 247.744 -101.721
v 94.2101 112.359 -101.721
v 5.92824 112.359 -101.721
v 5.92824 247.744 -101.721
v 94.2101 247.744 -101.721
v -65.9961 247.744 -101.721
v 5.92824 180.052 -109.121
v -38.2127 180.052 -109.121
v 94.2101 180.052 -109.121
v 50.0692 180.052 -109.121
v -38.2127 247.744 -109.121
v 50.0692 247.744 -109.121
v -93.7795 180.052 -109.121
v -93.7795 247.744 -109.121
v -121.563 180.052 -109.121
v -65.9961 180.052 -109.121
v -121.563 247.744 -109.121
v 5.92824 247.744 -109.121
v 94.2101 247.744 -109.121
v -65.9961 247.744 -109.121
v -38.2127 259.512 -101.721
v 50.0692 259.512 -101.721
v -93.7795 259.512 -101.721
v -149.346 259.512 -101.721
v 138.351 259.512 -101.721
v -121.563 259.512 -101.721
v 5.92824 259.512 -101.721
v 94.2101 259.512 -101.721
v -65.9961 259.512 -101.721
v -38.2127 300.119 -101.721
v 50.0692 300.119 -101.721
v -93.7795 300.119 -101.721
v -121.563 300.119 -101.721
v 5.92824 300.119 -101.721
v 94.2101 300.119 -101.721
v -65.9961 300.119 -101.721
v -149.346 300.119 -101.721
v 138.351 300.119 -101.721
v -65.9961 259.512 -107.646
v -93.7795 259.512 -107.646
v 94.2101 259.512 -107.646
v 50.0692 259.512 -107.646
v -38.2127 259.512 -107.646
v -38.2127 300.119 -107.646
v 50.0692 300.119 -107.646
v -93.7795 300.119 -107.646
v 94.2101 300.119 -107.646
v -65.9961 300.119 -107.646
v -38.2127 112.359 -96.1035
v -38.2127 180.052 -96.1035
v 5.92824 180.052 -96.1035
v -65.9961 180.052 -96.1035
v -65.9961 112.359 -96.1035
v 5.92824 112.359 -96.1035
v -38.2127 112.359 -92.7592
v -38.2127 180.052 -92.7592
v 5.92824 180.052 -92.7592
v -65.9961 180.052 -92.7592
v -65.9961 112.359 -92.7592
v 5.92824 112.359 -92.7592
v 94.2101 247.744 -92.1558
v 50.0692 247.744 -92.1558
v 50.0692 259.512 -92.1558
v 94.2101 259.512 -92.1558
v 37.5109 247.744 -101.721
v 37.5109 259.512 -101.721
v 37.5109 247.744 -92.1558
v 37.5109 259.512 -92.1558
v 102.07 247.744 -101.721
v 102.07 259.512 -101.721
v 102.07 247.744 -92.1558
v 102.07 259.512 -92.1558
v 50.0692 112.359 -96.7681
v 50.0692 180.052 -96.7681
v 94.2101 180.052 -96.7681
v 138.351 180.052 -96.7681
v 138.351 112.359 -96.7681
v 5.92824 180.052 -96.7681
v 94.2101 112.359 -96.7681
v 5.92824 112.359 -96.7681
v -93.7795 112.359 -94.2848
v -93.7795 180.052 -94.2848
v -121.563 180.052 -94.2848
v -121.563 112.359 -94.2848
v -65.9961 247.744 -96.6863
v -93.7795 247.744 -96.6863
v -38.2127 247.744 -96.6863
v -38.2127 259.512 -96.6863
v -93.7795 259.512 -96.6863
v -65.9961 259.512 -96.6863
v -227.791 227.844 -8.35703
v -227.791 227.844 -24.1348
v -143.513 227.844 -24.1348
v -143.513 227.844 -8.35703
v -227.791 227.844 75.6475
v -143.513 227.844 75.6475
v 26.4298 91.2368 43.9232
v 26.4298 92.8992 51.8525
v 21.3443 91.2368 43.9232
v 21.3443 92.8992 51.8525
v 71.8698 231.381 10.0836
v 199.915 231.381 10.0836
v 199.915 231.381 -16.075
v 71.8698 231.381 -16.075
v -153.351 -4.79137 -101.721
v -153.351 44.6663 -101.721
v -153.351 -4.79137 -247.715
v -153.351 44.6663 -247.715
v -153.351 327.766 -101.721
v -153.351 327.766 -247.715
v -153.351 112.359 -101.721
v -153.351 247.744 -101.721
v -153.351 180.052 -101.721
v -153.351 259.512 -101.721
v -153.351 300.119 -101.721
v 94.2101 330.01 -101.721
v 138.351 330.01 -101.721
v -65.9961 330.01 -101.721
v -38.2127 330.01 -101.721
v -38.2127 330.01 -247.715
v 138.351 330.01 -247.715
v -149.346 330.01 -247.715
v -149.346 330.01 -101.721
v 5.92824 330.01 -101.721
v 50.0692 330.01 -101.721
v -121.563 330.01 -101.721
v -93.7795 330.01 -101.721
v -149.346 -4.79137 -251.407
v -38.2127 -4.79137 -251.407
v 138.351 -4.79137 -251.407
v 138.351 44.6663 -251.407
v -38.2127 44.6663 -251.407
v -149.346 44.6663 -251.407
v -38.2127 327.766 -251.407
v 138.351 327.766 -251.407
v -149.346 327.766 -251.407
v -150.417 44.6663 -101.721
v -150.417 94.124 -101.721
v -150.417 44.6663 -246.756
v -150.417 94.124 -246.756
v -150.417 44.6663 -533.655
v -150.417 94.124 -533.655
v -150.417 44.6663 -613.459
v -150.417 94.124 -613.459
v -150.417 262.405 -533.655
v -455.395 262.405 -533.655
v -455.395 262.405 -101.721
v -455.395 262.405 -246.756
v -150.417 262.405 -246.756
v -455.395 262.405 -613.459
v -150.417 262.405 -101.721
v -150.417 262.405 -613.459
v -150.417 284.605 -533.655
v -455.395 284.605 -533.655
v -455.395 284.605 -101.721
v -455.395 284.605 -246.756
v -150.417 284.605 -246.756
v -455.395 284.605 -613.459
v -150.417 284.605 -101.721
v -150.417 284.605 -613.459
v -179.394 284.605 -503.297
v -426.418 284.605 -503.297
v -426.418 284.605 -153.442
v -426.418 284.605 -270.916
v -179.394 284.605 -270.916
v -426.418 284.605 -567.936
v -179.394 284.605 -153.442
v -179.394 284.605 -567.936
v -179.394 317.461 -503.297
v -426.418 317.461 -503.297
v -426.418 317.461 -153.442
v -426.418 317.461 -270.916
v -179.394 317.461 -270.916
v -426.418 317.461 -567.936
v -179.394 317.461 -153.442
v -179.394 317.461 -567.936
v -455.395 178.265 -101.721
v -150.417 178.265 -101.721
v -302.906 94.124 -101.721
v -302.906 262.405 -101.721
v -302.906 178.265 -101.721
v -455.395 136.194 -101.721
v -150.417 220.335 -101.721
v -379.151 94.124 -101.721
v -379.151 262.405 -101.721
v -455.395 220.335 -101.721
v -150.417 136.194 -101.721
v -226.662 94.124 -101.721
v -226.662 262.405 -101.721
v -302.906 220.335 -101.721
v -302.906 136.194 -101.721
v -379.151 178.265 -101.721
v -226.662 178.265 -101.721
v -226.662 136.194 -101.721
v -379.151 136.194 -101.721
v -379.151 220.335 -101.721
v -226.662 220.335 -101.721
v -150.417 178.265 -107.326
v -150.417 220.335 -107.326
v -302.906 94.124 -107.326
v -379.151 94.124 -107.326
v -150.417 94.124 -107.326
v -150.417 136.194 -107.326
v -226.662 94.124 -107.326
v -302.906 178.265 -107.326
v -302.906 220.335 -107.326
v -302.906 136.194 -107.326
v -379.151 178.265 -107.326
v -226.662 178.265 -107.326
v -226.662 136.194 -107.326
v -379.151 136.194 -107.326
v -379.151 220.335 -107.326
v -226.662 220.335 -107.326
v -455.395 115.159 -101.721
v -455.395 94.124 -174.238
v -455.395 94.124 -390.205
v -455.395 94.124 -573.557
v -455.395 262.405 -174.238
v -455.395 262.405 -390.205
v -455.395 262.405 -573.557
v -455.395 178.265 -613.459
v -455.395 178.265 -246.756
v -455.395 178.265 -533.655
v -455.395 199.3 -101.721
v -455.395 157.229 -101.721
v -455.395 241.37 -101.721
v -455.395 178.265 -573.557
v -455.395 178.265 -390.205
v -455.395 104.642 -101.721
v -455.395 94.124 -210.497
v -455.395 94.124 -461.93
v -455.395 94.124 -593.508
v -455.395 262.405 -210.497
v -455.395 262.405 -461.93
v -455.395 262.405 -593.508
v -455.395 220.335 -613.459
v -455.395 220.335 -246.756
v -455.395 136.194 -533.655
v -455.395 188.782 -101.721
v -455.395 146.712 -101.721
v -455.395 230.852 -101.721
v -455.395 125.677 -101.721
v -455.395 94.124 -137.979
v -455.395 94.124 -318.481
v -455.395 94.124 -553.606
v -455.395 262.405 -137.979
v -455.395 262.405 -318.481
v -455.395 262.405 -553.606
v -455.395 136.194 -613.459
v -455.395 136.194 -246.756
v -455.395 220.335 -533.655
v -455.395 209.817 -101.721
v -455.395 167.747 -101.721
v -455.395 251.888 -101.721
v -455.395 220.335 -573.557
v -455.395 136.194 -573.557
v -455.395 178.265 -593.508
v -455.395 178.265 -553.606
v -455.395 220.335 -390.205
v -455.395 136.194 -390.205
v -455.395 178.265 -461.93
v -455.395 178.265 -318.481
v -455.395 136.194 -318.481
v -455.395 136.194 -461.93
v -455.395 220.335 -593.508
v -455.395 136.194 -593.508
v -455.395 136.194 -553.606
v -455.395 220.335 -461.93
v -455.395 220.335 -553.606
v -455.395 220.335 -318.481
v -446.757 136.194 -246.756
v -446.757 178.265 -246.756
v -446.757 136.194 -573.557
v -446.757 178.265 -573.557
v -446.757 178.265 -553.606
v -446.757 136.194 -390.205
v -446.757 178.265 -390.205
v -446.757 178.265 -461.93
v -446.757 178.265 -318.481
v -446.757 136.194 -318.481
v -446.757 136.194 -461.93
v -446.757 136.194 -553.606
v -442.088 220.335 -246.756
v -442.088 262.405 -246.756
v -442.088 262.405 -553.606
v -442.088 262.405 -573.557
v -442.088 220.335 -573.557
v -442.088 220.335 -390.205
v -442.088 262.405 -390.205
v -442.088 262.405 -461.93
v -442.088 262.405 -318.481
v -442.088 220.335 -461.93
v -442.088 220.335 -553.606
v -442.088 220.335 -318.481
v -455.395 104.642 -91.7025
v -455.395 94.124 -91.7025
v -379.151 94.124 -91.7025
v -379.151 262.405 -91.7025
v -455.395 262.405 -91.7025
v -455.395 188.782 -91.7025
v -455.395 178.265 -91.7025
v -226.662 94.124 -91.7025
v -302.906 94.124 -91.7025
v -226.662 262.405 -91.7025
v -302.906 262.405 -91.7025
v -302.906 220.335 -91.7025
v -302.906 136.194 -91.7025
v -302.906 178.265 -91.7025
v -379.151 178.265 -91.7025
v -226.662 178.265 -91.7025
v -455.395 146.712 -91.7025
v -455.395 136.194 -91.7025
v -455.395 230.852 -91.7025
v -455.395 220.335 -91.7025
v -226.662 136.194 -91.7025
v -379.151 136.194 -91.7025
v -379.151 220.335 -91.7025
v -226.662 220.335 -91.7025
v -455.395 125.677 -91.7025
v -455.395 115.159 -91.7025
v -455.395 209.817 -91.7025
v -455.395 199.3 -91.7025
v -455.395 167.747 -91.7025
v -455.395 157.229 -91.7025
v -455.395 251.888 -91.7025
v -455.395 241.37 -91.7025
v -455.395 104.642 -76.1447
v -455.395 94.124 -76.1447
v -379.151 94.124 -76.1447
v -379.151 262.405 -76.1447
v -455.395 262.405 -76.1447
v -455.395 188.782 -76.1447
v -455.395 178.265 -76.1447
v -226.662 94.124 -76.1447
v -302.906 94.124 -76.1447
v -226.662 262.405 -76.1447
v -302.906 262.405 -76.1447
v -302.906 220.335 -76.1447
v -302.906 136.194 -76.1447
v -302.906 178.265 -76.1447
v -379.151 178.265 -76.1447
v -226.662 178.265 -76.1447
v -455.395 146.712 -76.1447
v -455.395 136.194 -76.1447
v -455.395 230.852 -76.1447
v -455.395 220.335 -76.1447
v -226.662 136.194 -76.1447
v -379.151 136.194 -76.1447
v -379.151 220.335 -76.1447
v -226.662 220.335 -76.1447
v -455.395 125.677 -76.1447
v -455.395 115.159 -76.1447
v -455.395 209.817 -76.1447
v -455.395 199.3 -76.1447
v -455.395 167.747 -76.1447
v -455.395 157.229 -76.1447
v -455.395 251.888 -76.1447
v -455.395 241.37 -76.1447
v -379.151 -14.4277 -91.7025
v -455.395 -14.4277 -91.7025
v -226.662 -14.4277 -91.7025
v -302.906 -14.4277 -91.7025
v -379.151 -14.4277 -76.1447
v -455.395 -14.4277 -76.1447
v -226.662 -14.4277 -76.1447
v -302.906 -14.4277 -76.1447
v 28.0445 3.09299 107.624
v -32.2181 3.09299 107.624
v 28.0445 3.09299 34.0333
v -32.2181 3.09299 34.0333
v -513.548 -19.145 -88.8939
v -455.395 -19.145 -88.8939
v -513.548 -19.145 -246.756
v -455.395 -19.145 -246.756
v -513.548 -19.145 -555.809
v -455.395 -19.145 -555.809
v -513.548 44.6663 -599.214
v -455.395 44.6663 -599.214
v -513.548 -19.145 -599.214
v -455.395 -19.145 -599.214
v -329.954 -16.5231 128.165
v -517.693 -16.5231 128.165
v -329.954 -16.5231 82.9806
v -517.693 -16.5231 82.9806
v 81.4689 39.0796 494.244
v 136.13 39.0796 494.244
v 179.044 37.5148 650.336
v 179.044 37.5148 502.263
v 179.044 29.8067 475.169
v 179.044 29.8067 210.602
v 81.4689 39.4165 201.844
v 136.13 39.4165 201.844
v 136.13 39.1981 201.844
v 179.044 35.8732 194.081
v 71.8698 56.2525 35.9939
v 199.915 56.2525 35.9939
v -459.017 188.782 -91.7025
v -459.017 178.265 -91.7025
v -459.017 230.852 -91.7025
v -459.017 220.335 -91.7025
v -459.017 125.677 -91.7025
v -459.017 125.677 -76.1447
v -459.017 230.852 -76.1447
v -459.017 115.159 -91.7025
v -459.017 167.747 -91.7025
v -459.017 157.229 -91.7025
v -459.017 188.782 -76.1447
v -459.017 178.265 -76.1447
v -459.017 220.335 -76.1447
v -459.017 115.159 -76.1447
v -459.017 167.747 -76.1447
v -459.017 157.229 -76.1447
v 476.162 -13.5489 107.624
v 476.162 -10.4945 107.624
v 476.162 -13.5489 164.096
v 476.162 -10.4945 164.096
v 476.162 -10.4945 135.86
v 476.162 -15.9991 135.86
v 476.162 -15.9991 107.624
v 476.162 -15.9991 164.096
v 476.162 -13.5489 135.86
v 369.052 -13.5489 108.166
v 369.052 -15.9991 108.166
v 281.104 -15.9991 108.166
v 225.285 -15.9991 108.166
v 281.104 -13.5489 108.166
v 225.285 -13.5489 108.166
v 452.802 -13.5489 33.8141
v 452.802 -15.9991 33.8141
v 452.802 -13.5489 108.166
v 452.802 -15.9991 108.166
v 474.742 -13.5489 33.8141
v 474.742 -15.9991 33.8141
v 474.742 -13.5489 108.166
v 474.742 -15.9991 108.166
v 369.052 -13.5489 -19.9419
v 369.052 -15.9991 -19.9419
v 452.802 -13.5489 -19.9419
v 452.802 -15.9991 -19.9419
v 474.742 -13.5489 -19.9419
v 474.742 -15.9991 -19.9419
v 369.052 -13.5489 -75.5779
v 369.052 -15.9991 -75.5779
v 452.802 -13.5489 -75.5779
v 452.802 -15.9991 -75.5779
v 474.742 -13.5489 -75.5779
v 474.742 -15.9991 -75.5779
v 369.052 -13.5489 -151.472
v 369.052 -15.9991 -151.472
v 452.802 -13.5489 -151.472
v 452.802 -15.9991 -151.472
v 474.742 -13.5489 -151.472
v 474.742 -15.9991 -151.472
v 369.052 -13.5489 -166.627
v 369.052 -15.9991 -166.627
v 452.802 -13.5489 -166.627
v 452.802 -15.9991 -166.627
v 474.742 -13.5489 -166.627
v 474.742 -15.9991 -166.627
v 247.905 -13.5489 -151.472
v 247.905 -15.9991 -151.472
v 247.905 -13.5489 -166.627
v 247.905 -15.9991 -166.627
v 222.647 -13.5489 -151.472
v 222.647 -15.9991 -151.472
v 222.647 -13.5489 -166.627
v 222.647 -15.9991 -166.627
v 452.802 67.7807 -151.472
v 369.052 67.7807 -151.472
v 452.802 67.7807 -166.627
v 369.052 67.7807 -166.627
v 247.905 67.7807 -151.472
v 247.905 67.7807 -166.627
v 222.647 67.7807 -151.472
v 222.647 67.7807 -166.627
v 225.285 -10.4945 -19.8626
v 211.403 -10.4945 -19.8626
v 369.052 -10.4945 -19.8626
v 281.104 -10.4945 -19.8626
v 281.104 -13.5489 -19.8626
v 225.285 -13.5489 -19.8626
v 211.403 -13.5489 -19.8626
v 369.052 -13.5489 -19.8626
v -378.563 27.4594 -89.9571
v -378.563 40.412 -89.9571
v -517.693 27.4594 -89.9571
v -517.693 40.412 -89.9571
v -143.513 -13.5489 198.832
v -143.513 -10.4945 198.832
v -32.2181 -13.5489 198.832
v -32.2181 -10.4945 198.832
v 28.0445 -10.4945 198.832
v 28.0445 -13.5489 198.832
v -228.205 -13.5489 164.096
v -228.205 -10.4945 164.096
v -228.205 -13.5489 198.832
v -228.205 -10.4945 198.832
v -543.832 -13.5489 -8.35703
v -543.832 -10.4945 -8.35703
v -543.832 -13.5489 75.6475
v -543.832 -10.4945 75.6475
v -543.832 -13.5489 107.624
v -543.832 -10.4945 107.624
v -543.832 -13.5489 164.096
v -543.832 -10.4945 164.096
v -543.832 -10.4945 135.86
v -543.832 -13.5489 135.86
v -544.246 -13.5489 164.096
v -544.246 -10.4945 164.096
v -544.246 -13.5489 198.832
v -544.246 -10.4945 198.832
v -455.395 109.457 -89.1479
v -455.395 109.457 -101.721
v -513.548 109.457 -89.1479
v -513.548 109.457 -101.721
v -522.73 94.124 -89.1479
v -522.73 94.124 -101.721
v -522.73 109.457 -89.1479
v -522.73 109.457 -101.721
v -513.548 94.124 -359.258
v -513.548 109.457 -359.258
v -522.73 94.124 -359.258
v -522.73 109.457 -359.258
v -513.548 94.124 -612.466
v -513.548 109.457 -612.466
v -522.73 94.124 -612.466
v -522.73 109.457 -612.466
v -514.896 94.124 -593.508
v -514.896 94.124 -613.459
v -514.896 136.194 -613.459
v -514.896 136.194 -593.508
v -65.9961 417.045 -101.721
v -38.2127 417.045 -101.721
v -149.346 417.045 -247.715
v -38.2127 417.045 -247.715
v -149.346 417.045 -101.721
v -121.563 417.045 -101.721
v -93.7795 417.045 -101.721
v -134.323 -10.4945 -89.1479
v -134.323 -4.79137 -89.1479
v -134.323 -15.9991 -89.1479
v -134.323 -15.9991 -114.293
v -134.323 -10.4945 -114.293
v -134.323 -4.79137 -114.293
v -134.323 -4.79137 -101.721
v -134.323 -15.9991 -101.721
v -134.323 94.124 -89.1479
v -134.323 94.124 -101.721
v -134.323 165.122 -89.1479
v -134.323 165.122 -101.721
v -134.323 -4.79137 -247.715
v -134.323 -4.79137 -84.7146
v -134.323 94.124 -84.7146
v -134.323 44.6663 -84.7146
v -134.323 -13.5489 -114.293
v -134.323 -13.5489 -89.1479
v -134.323 327.766 -247.715
v -134.323 330.01 -247.715
v -134.323 -4.79137 -251.407
v -134.323 44.6663 -251.407
v -134.323 327.766 -251.407
v -134.323 417.045 -247.715
v -38.2127 165.122 -98.9254
v -38.2127 94.124 -98.9254
v -38.2127 -4.79137 -94.4921
v -38.2127 44.6663 -94.4921
v -134.323 94.124 -98.9254
v -134.323 165.122 -98.9254
v -134.323 -4.79137 -94.4921
v -134.323 44.6663 -94.4921
vn 0 0 -1
vn 0.3015 0.3015 -0.9045
vn 0 0.7071 -0.7071
vn 0 -0.7071 -0.7071
vn 0 -1 0
vn 0.7071 0.7071 0
vn 0.3015 -0.9045 -0.3015
vn -0.7071 -0.7071 0
vn 0.7071 0 -0.7071
vn -1 0 0
vn -0.9045 0.3015 -0.3015
vn -0.7071 0.7071 0
vn -0.3015 0.9045 0.3015
vn -0.7071 0 0.7071
vn 0.3015 0.9045 -0.3015
vn 0 0 1
vn -0.5773 0.5773 0.5773
vn 0.7071 0 0.7071
vn 1 0 0
vn -0.5773 -0.5773 0.5773
vn -0.5773 -0.5773 -0.5773
vn -0.7071 0 -0.7071
vn -0.3015 0.9045 -0.3015
vn -0.5773 0.5773 -0.5773
vn -0.7055 0.7063 -0.0579
vn 0.7071 -0.7071 0
vn 0.5773 -0.5773 -0.5773
vn 0.9045 0.3015 -0.3015
vn 0.6794 0.7334 0.0212
vn 0.5773 0.5773 -0.5773
vn -0.1924 -0.9622 -0.1924
vn -0.1855 0.9647 -0.1869
vn 0.5773 0.5773 0.5773
vn 0.3015 0.9045 0.3015
vn 0.3015 0.3015 0.9045
vn 0 -0.7071 0.7071
vn -0.6749 0.5586 0.4821
vn -0.5217 0 -0.8531
vn -0.0002 0 1
vn -0.3015 0.3015 -0.9045
vn -0.2827 0 -0.9592
vn -0.3015 -0.9045 -0.3015
vn 0.5773 -0.5773 0.5773
vn 0 1 0
vn 0.9487 0 0.3162
vn -0.3015 -0.9045 0.3015
vn 0.9045 -0.3015 0.3015
vn -0.3015 -0.3015 -0.9045
vn -0.3015 -0.3015 0.9045
vn -0.3015 0.3015 0.9045
vn 0.9045 0.3015 0.3015
vn 0 0.7071 0.7071
vn 0.3015 -0.3015 -0.9045
vn -0.9045 -0.3015 0.3015
vn 0.3015 -0.9045 0.3015
vn 0 0.3162 -0.9487
vn 0.3015 -0.3015 0.9045
vn -0.556 0.5877 0.5877
vn -0.2938 0.6759 -0.6759
vn -0.444 0.8014 0.4007
vn -0.8165 0.4082 0.4082
vn 0.9045 -0.3015 -0.3015
vn -0.9428 0.2357 0.2357
vn -0.9045 -0.3015 -0.3015
vn -0.9986 -0.0055 -0.0529
vn 0 0.8944 0.4472
vn 0 -0.4472 -0.8944
vn 0 0.8944 -0.4472
vn -0.0277 -0.7136 -0.6999
vn -0.0289 0.6851 -0.7278
vn -0.4082 0.8165 0.4082
vn 0.4082 0.8165 0.4082
vn 0.5755 -0.5303 0.6226
vn -0.5995 0.5669 -0.565
vn -0.8842 0.3303 0.3303
vn 0.9087 0.2988 -0.2916
vn 0.3142 0.3022 0.8999
vn 0.0136 0.7025 -0.7115
vn 0.0136 0.7025 0.7115
vn -0.2357 0.9428 0.2357
vn -0.2357 -0.9428 0.2357
vn 0 -0.4472 0.8944
vn -0.8135 -0.5511 0.1854
vn -0.7552 -0.642 0.1317
vn -0.7538 -0.6444 -0.1283
vn -0.6454 -0.0076 0.7638
vn -0.9045 0.3015 0.3015
vn -0.6058 0.4179 0.677
vn -0.7071 -0.6532 -0.2708
vn -0.7066 0.4346 -0.5585
vn 0.4472 0.8944 0
vn -0.9923 -0.0284 0.1201
vn -0.9929 -0.0264 -0.1158
vn 0 -0.2303 0.9731
vn 0 -0.2222 -0.975
vn -0.589 0.5094 -0.6273
vn -0.6046 0.424 -0.6742
vn -0.1974 0.7467 -0.6351
vn -0.3625 0.4271 0.8283
vn 0.0755 -0.6965 -0.7136
vn -0.2785 -0.6703 0.6878
vn 0.7022 -0.7022 0.117
vn -0.5892 0.5083 0.628
vn -0.749 -0.6625 0
vn -0.7028 0.4359 0.5622
vn -0.9407 0.3271 0.0898
vn -0.8944 -0.4472 0
vn -0.7071 -0.65 0.2784
vn -0.0732 -0.0199 -0.9971
vn -0.6496 -0.2384 -0.7219
vn -0.1002 0.3268 0.9398
vn 0.5672 0.6393 0.5192
vn -0.5672 0.6393 0.5192
vn 0.4547 -0.3853 -0.803
vn -0.067 0.9922 0.1045
vn 0.1451 -0.7387 -0.6582
vn 0.111 0.7495 -0.6526
vn 0.18 0 0.9836
vn -0.0016 -0.7093 0.7049
vn 0.1672 0.8466 0.5052
vn 0.1468 -0.7393 0.6571
vn -0.5405 -0.1937 0.8187
vn -0.5402 -0.187 -0.8205
vn -0.2501 0.8469 0.4691
vn -0.879 0.2999 0.3706
vn -0.7071 0.6915 0.1474
vn -0.6009 -0.444 -0.6647
vn 0 -0.1031 -0.9947
vn 0 0.6304 -0.7763
vn 0.4518 -0.3789 0.8076
vn 0 -0.9796 0.2009
vn 0 -0.9192 0.3937
vn 0.5892 0.5083 0.628
vn 0.5567 0.7068 -0.4363
vn 0.6058 0.4179 0.677
vn 0 -0.1048 0.9945
vn 0 -0.9807 -0.1953
vn -0.1447 0.9647 -0.2198
vn -0.1503 0.9621 0.2276
vn 0 -0.9237 -0.383
vn -0.8794 0.3001 -0.3695
vn -0.6016 -0.4398 0.6668
vn -0.7071 0.6373 -0.3063
vn -0.7071 0.6321 0.3169
vn -0.8463 0.2798 0.4532
vn -0.8485 0.2817 -0.448
vn -0.5377 -0.0883 0.8385
vn -0.6657 -0.7319 -0.1457
vn -0.5377 -0.0869 -0.8386
vn -0.1939 0.7385 0.6457
vn -0.6645 -0.732 0.1502
vn 0.589 0.5094 -0.6273
vn 0.6046 0.424 -0.6742
vn 0.5574 0.7028 0.442
vn -0.5574 0.7028 0.442
vn -0.5567 0.7068 -0.4363
vn 0.5671 0.6402 -0.5181
vn -0.5671 0.6402 -0.5181
vn -0.8911 -0.0686 -0.4486
vn -0.3686 -0.8401 -0.3979
vn -0.5001 -0.3489 0.7925
vn -0.266 0.383 -0.8846
vn 0.1462 -0.6748 0.7233
vn -0.0356 -0.736 0.676
vn -0.0668 0.7273 0.683
vn -0.0804 -0.0942 0.9923
vn 0.1267 0.6693 -0.7321
vn 0.1443 -0.6754 -0.7232
vn 0.1719 0 0.9851
vn -0.8944 0 -0.4472
vn 0.8944 0 -0.4472
vn -0.4082 -0.4082 0.8165
vn 0.4082 -0.4082 0.8165
vn 0.562 0.6214 0.5459
vn 0.6066 -0.5337 0.5892
vn 0.7145 0.09 0.6938
vn -0.6997 0.0919 0.7085
vn 0.7144 0.09 0.6939
vn -0.1017 -0.3816 -0.9187
vn 0.0456 -0.569 0.821
vn 0.1653 0.5614 0.8108
vn 0.0309 0.5782 -0.8152
vn 0.9952 -0.0479 -0.0854
vn 0.9925 -0.0597 -0.1063
vn -0.0797 -0.4493 -0.8898
vn 0.0274 -0.883 -0.4686
vn 0.0791 -0.716 -0.6936
vn 0.1544 0.6822 -0.7146
vn -0.0696 0.6878 0.7226
vn -0.0481 -0.68 0.7317
vn 0.0814 -0.7167 0.6926
vn 0.0817 0 0.9966
vn -0.178 0 -0.984
curmat=1
curmat=2
curmat=3
curmat=4
curmat=5
numvertex :1899 194 1812 6
3.....
